4850
13995
8701
29354
20584
15269
19306
6972
28977
9624
24798
10647
19410
11305
27688
13050
17538
8785
3337
12856
29103
16093
1464
30776
4216
13550
5982
27765
18737
7289
11930
7551
17379
10953
24574
8569
3273
15097
13456
18073
18643
9850
17994
5036
14887
28051
11419
6287
5275
12251
14564
3766
8765
29889
764
18857
14283
17413
17836
30594
31035
3645
2867
12656
28212
25937
10692
23607
26259
1279
4099
22702
12007
11095
24971
1088
5366
16704
25451
2411
15414
21234
14501
68
16980
22649
28333
24305
13232
20024
23024
14893
20446
7524
16970
21960
7719
21637
24463
1317
20999
12280
9731
23482
32685
29296
25314
11667
8317
3440
10457
24527
26513
6611
3210
2337
26164
8260
12556
25169
102
12742
9321
1720
12635
20526
3103
1224
8187
9892
8607
16001
867
4645
32465
6653
22371
31236
14989
485
24830
30820
21796
13818
750
21183
29909
27534
25117
16995
29272
15879
23085
3312
13655
28514
16880
27867
24816
30894
32753
18926
20533
27277
28393
16837
25259
7607
4683
83
6350
13175
6841
26715
140
26156
14988
3063
29125
10697
19024
29973
6866
7253
15685
15860
23803
18028
26079
31148
30975
11196
2631
27811
2959
11145
18649
5401
22995
12585
19620
925
28132
13448
20972
917
849
2726
31403
5050
17307
1556
29452
11930
21176
26491
26094
25364
11155
7701
16744
15583
19594
22577
19263
32004
13295
25523
1393
8799
11401
24210
25262
16930
27152
14169
19161
12370
30131
32166
28555
30793
27285
686
28817
9522
588
18871
20585
23183
29025
18589
14537
15542
5076
30797
3864
10576
27029
13645
22771
16345
25355
28722
28841
14883
32144
11816
2495
5331
12275
22894
1389
2018
9973
25048
5919
20253
20941
11595
14581
17062
16037
22596
28740
16241
18202
18001
25107
24519
3263
662
14238
966
17819
28746
21206
10719
22694
19255
21215
5975
19024
30782
26768
20679
30971
9680
31479
25244
10620
15478
7123
31127
25501
8010
19480
19278
7838
15484
4206
20137
15791
28110
21938
17511
23672
10520
9588
3990
27537
197
10871
24094
7434
29780
1332
8503
8421
4312
28760
21998
12695
24952
13633
7588
28811
12272
28805
9871
4767
5390
9835
25655
23716
22838
10096
6138
28642
9438
17603
10633
26258
274
21705
20328
16482
10226
1946
1906
7925
9519
2946
24403
21088
18066
385
3340
13742
23669
16843
22387
23389
19015
28745
20144
2526
26380
24854
21697
2073
11739
19715
30199
14823
15967
22036
4470
3223
11607
23553
20921
13162
9494
8373
29964
13334
22019
15570
26128
17222
14105
25643
9274
28952
5736
31304
31828
9630
31122
30438
4347
27998
20048
6773
13088
5586
27371
29336
2695
6633
24259
11945
3659
24196
4811
17458
19799
16121
14859
25460
1774
27028
4636
15332
4901
3089
29616
4265
7012
20515
13064
7456
8936
10224
20603
18776
24388
27282
30966
11926
24795
16536
22134
27602
2920
24707
12432
19000
24182
6986
23786
12712
3560
14550
32703
27958
27250
9351
7263
16299
6686
27053
30124
18434
8393
15
16030
13804
14499
26728
6848
20045
31411
6373
28337
16316
22352
14760
164
18183
24232
12616
26848
9133
22845
334
21057
23650
12387
29370
2741
21390
9924
4732
25536
11214
24797
32252
25336
31857
15742
32658
17034
22013
32333
31502
16819
5800
16451
10802
17736
3807
17454
10547
18478
30147
1838
21308
7138
11686
11064
28394
30963
22674
12181
10961
24451
15555
31076
27125
18378
31016
11284
24658
8851
2534
20971
32597
10684
7381
21634
12897
186
13825
17735
27467
9491
9258
30201
32478
12003
17732
24879
20824
24920
6904
25298
21227
2869
12065
16542
19516
14162
18512
677
31463
11547
28233
7116
32250
16653
16003
25164
4725
30012
4268
22579
8145
27088
27426
17376
5238
7554
18299
6282
4675
32292
9983
11962
27402
18711
30505
19660
27921
15314
17961
32626
32658
5218
18277
16945
3899
25060
10227
30690
19119
9485
13088
13106
12036
16547
18156
20258
25667
14849
6284
22408
27115
18839
18663
16780
4974
15207
18713
29741
21682
8074
3828
8377
24209
19113
6522
27480
2906
9859
17763
25474
6990
21102
29085
19588
16676
5070
29639
13824
32389
5792
23734
25705
20624
32242
3312
2443
11352
17511
6451
19713
19297
27832
32495
9404
18470
558
10440
32131
2710
26922
17173
13166
1170
32669
24676
23146
15985
3472
28148
22200
13181
1437
30777
17774
32371
5492
16219
13556
22022
1623
7095
11656
22877
28062
12892
2491
11408
11571
31119
7921
25903
17431
3401
13797
18108
28380
21428
21283
20268
6185
29105
20364
4969
6458
3925
16598
27603
19037
27751
12809
28858
25461
17635
11267
18150
11387
1402
3572
15376
32248
20496
13795
13158
4492
20541
31015
25098
8810
24525
27887
23444
24026
31552
32443
28299
9142
1610
23777
20720
5869
24660
12041
7348
32259
18681
7856
7228
29583
5258
12201
26340
26299
12426
26775
19834
27592
30771
19317
5822
23688
22767
7694
3049
18657
18144
645
21795
14161
345
24527
9738
13669
10082
6708
14898
14400
7224
7121
8608
19738
15306
11545
23886
6590
24382
7503
19371
11531
12650
15118
25879
8052
21339
7361
18539
897
20689
14635
5999
9803
25793
20448
9058
8195
3538
8650
26998
13420
29408
31142
24401
861
6012
1156
3981
2368
24682
31306
1593
28566
26658
5682
3414
11632
9040
24391
14683
30711
21844
16620
17841
741
21698
29525
16695
4361
8163
13324
2751
21704
16690
20077
7567
8343
992
29739
11746
26497
30800
26057
5476
3495
18588
27425
4026
2235
23822
7136
18167
20612
20648
30728
12328
8030
13724
20589
14281
695
10709
32569
15949
15250
15213
28776
25755
28424
7476
31308
10379
9922
11055
1546
20845
8576
16150
2076
11395
29590
21717
18637
6529
30569
32525
31935
26388
3574
11152
11624
32601
12107
14312
29073
25697
19212
21969
30166
31923
30960
16314
21801
12234
31042
15687
16719
21139
1376
30674
31585
25585
28735
7910
7245
6457
5861
23747
11602
15030
8429
6877
4231
20517
4359
5725
14676
7482
9590
17566
13560
28185
2192
1969
770
13278
20801
13017
15831
28950
21384
24335
4914
30276
16632
3968
3231
28253
6456
9738
10240
15180
27268
10179
16393
8815
25130
20851
17603
18712
11534
31764
17420
269
10279
20825
16917
25864
24831
20516
25059
17719
26167
8462
24015
25533
26624
15075
20486
303
10403
22307
19209
14616
15610
13955
16942
11894
7413
13674
16925
2107
1046
12404
31060
15821
8693
14578
4260
13190
6845
6504
21425
10037
22445
10766
10614
27803
10136
30031
23743
31214
12133
11341
13485
17498
10895
27483
23862
27771
31654
20098
8098
15076
3277
22013
27407
27803
58
6845
11502
20378
12474
21221
31107
12112
554
9807
1129
4382
510
21253
26892
16603
22462
8649
17197
11600
1412
10893
5986
5308
30847
26876
2963
337
26995
8431
28541
5558
3383
4857
5427
10627
5430
220
31128
13768
32750
529
15591
4486
14708
10308
27436
32308
3054
29653
5320
1084
24599
6233
14064
8059
19903
4374
29742
15301
31817
1419
7391
350
21291
32230
1971
29058
31345
26508
14897
21214
11066
27028
24880
28180
20537
2380
6495
6715
30262
7859
1982
6493
3210
6397
16930
17655
30119
4883
1973
2685
26509
14352
18804
14291
7254
30660
687
6101
21164
2869
24973
24272
7757
18713
16261
26375
2190
19037
27109
15663
212
24226
14927
31987
7453
20667
32568
32113
10869
31536
13415
19898
3457
11454
2940
342
29432
23764
17510
19646
20517
12311
21995
29152
13159
19679
26149
31903
25777
32696
4863
20304
22026
12258
2748
32575
25614
9170
29808
295
26219
5551
10373
9661
4197
6101
14647
26150
8530
18773
19224
124
25886
23155
15758
25678
1225
24870
9040
28445
9956
32156
2796
30943
24600
20148
5956
12415
29599
13954
26636
18523
25544
28366
21069
29381
21111
28053
26854
11907
12707
6535
21766
25424
17367
20103
32435
20056
27825
12847
1350
16063
20838
22601
2028
8731
18748
14167
15911
24821
7695
27915
24651
2892
7372
21199
24577
21779
30201
25151
28872
25262
28203
27050
24687
25976
24206
4246
16284
2112
1377
11320
23112
11207
9848
25599
64
29508
31672
9739
7589
8416
30110
27566
9069
16955
19384
19954
16353
11493
23850
27154
26397
19173
24875
5631
11155
14134
26501
25821
26247
10821
10521
31619
12436
13940
10328
13567
10790
21658
8651
5904
5119
16513
19596
5802
14259
9574
27339
11381
8235
6781
10826
14670
8741
28522
21729
15045
13490
18633
20731
20381
6583
3239
29207
3152
22124
7943
6472
8072
31712
28254
9653
18086
16244
20503
13594
4671
25435
11535
13381
31386
28449
32282
16282
17460
14369
6269
21391
13372
14860
19058
19760
5399
16233
18343
15005
2781
23056
26046
31623
14298
11182
10447
12727
12558
32324
8162
391
17070
11431
4470
8806
1184
23298
30716
16216
16131
32591
20060
10100
7845
14818
11375
20069
14730
32223
13188
7402
25452
2494
19163
4438
21046
12238
11309
12304
4743
28335
16418
17427
19509
22999
19161
28527
22216
21006
26724
3014
7675
3570
22857
23249
22078
29299
7938
1753
311
15192
26750
29502
16956
29624
20126
23795
730
16002
24760
19200
26450
28406
279
20222
4886
28969
4474
5535
15696
645
28561
18212
5468
14919
16771
14308
30537
25087
4714
26828
28764
7700
16085
22489
5005
26173
12613
8352
7688
19977
28337
27847
27565
7512
29442
13449
15248
14559
23959
20278
17530
23208
28099
21424
6502
6799
20298
18671
24069
18119
14056
9854
19259
3155
20169
9468
928
28557
29458
24220
14335
5283
15959
16293
7130
22549
26146
18163
10724
14136
26483
5748
14469
2230
826
21420
24154
1291
2782
22577
9907
7946
31930
12848
5651
11350
28827
29926
32435
24041
21572
22824
9472
2192
30698
11739
13336
15725
27319
6268
593
12916
10059
9626
9650
31471
4151
10583
22647
4090
15488
28651
11665
10504
5154
15905
5412
25692
15498
8663
12552
16272
21787
4738
31049
24593
938
25000
12455
11169
20738
31589
10519
12500
21857
30439
22591
24467
13560
30449
15357
4509
27759
23132
3809
25345
27999
15505
19631
23205
2774
17936
1759
25282
13783
19692
2332
4453
2520
17741
19912
16624
10562
492
17014
30871
27124
17563
23662
9443
20927
7867
32045
8242
25323
8643
9954
2869
14514
24512
243
30065
29632
15312
11382
21951
30393
2725
26808
21196
29362
776
1978
23450
17335
32339
12974
4093
7492
2294
32382
31006
1740
17139
20550
4603
10293
4195
4565
8165
26201
6639
13872
23297
20359
7510
3599
26312
22528
3566
27742
6791
26235
1307
6845
6623
12449
730
7680
15686
26513
32313
19120
19076
13405
17883
10632
32055
1164
12409
11257
24400
9878
7516
12454
29076
13931
17637
22505
9243
23020
22789
10316
7892
19824
30149
785
23040
16448
25023
26795
1714
284
7843
3394
18262
31412
18867
15667
14374
47
19527
4493
18358
27048
23625
29846
24426
172
19642
30276
23547
15549
11820
28868
22005
20434
16198
31990
14908
725
11588
14063
12930
25124
9332
21110
24018
14864
12473
32648
22793
25441
28172
7892
5976
24527
2294
17983
2755
18059
3863
5472
7333
180
4002
23045
30250
21986
3039
1197
6355
18591
14248
27916
18165
17129
2540
26251
15418
4785
7471
9413
13855
13919
24584
28683
19572
31052
5537
10721
6624
24646
9787
8574
13402
26128
16296
14416
30129
2015
17870
22133
5125
8670
4907
12099
2635
7083
2380
21953
20685
25816
29012
8492
26024
16747
11387
24948
9548
26206
13452
25532
29440
26143
27750
18141
12635
27921
16508
8163
2764
19978
5974
28303
2579
24275
4621
25043
709
9387
7378
27737
18892
20676
20328
10493
15844
3268
7590
3918
8224
5957
22518
30737
15459
12374
31705
29117
25063
22008
21600
25856
11194
20641
27316
2361
6459
4029
18063
10492
30370
22056
32449
13970
5493
14005
6572
12406
21780
24746
15816
21977
31534
15425
12831
11038
23625
22313
11986
20063
21566
8451
32147
7142
3771
30694
27177
8885
8128
1244
752
26879
27682
26722
10582
172
25098
14059
29278
27609
375
17758
22305
20821
13496
17811
13640
293
30963
13018
8083
18690
22177
3700
32342
6358
10767
27672
32758
30530
15327
20080
22896
17946
10629
21401
22226
22247
7627
12711
15296
20325
22861
798
29681
24067
2813
25466
5040
15974
30880
23464
10331
3558
30543
7818
22759
28686
13303
5496
22106
800
19418
15545
7247
9359
13579
20494
374
1412
30454
18216
6162
3930
13014
8748
24185
6178
31805
1590
16279
26399
400
10707
25451
2379
1160
4486
20360
30160
8882
7236
22421
656
28143
24568
24014
10398
21749
22016
25473
6338
23501
22446
27026
8185
9299
27335
8440
23538
18105
24071
27453
16274
31235
13724
11010
26481
3212
26535
25720
15963
11392
26814
11752
29137
97
2156
28716
13957
3970
7599
30516
23777
31375
889
21122
13696
1027
25904
1454
17843
26799
23342
2275
19454
2106
22338
6496
5273
23964
24877
23032
7664
18338
8997
17298
3363
8557
18005
26025
29318
10995
8027
30413
24097
16764
10953
13601
17457
26662
22950
5851
12710
8289
11754
19144
20644
4724
9989
2245
15618
1527
32344
12870
10445
10838
13241
17107
20678
12116
27124
4230
16608
11654
4933
23694
26819
24276
28127
13231
76
9980
20585
7872
15370
27663
18043
9004
20930
16113
32037
4977
19692
21469
32616
12196
13108
19166
17083
5611
30970
18519
904
769
17875
23933
29100
25270
2310
16600
11514
12397
24079
22214
4537
10140
16671
2551
21793
17487
5018
29681
29154
5029
28824
21902
25758
21585
20836
24442
14442
26395
512
19125
25425
3932
26015
16663
29392
902
2858
5575
2139
19865
4540
19906
9686
31663
23846
30811
18973
8306
6763
22453
23933
9120
5188
22858
28217
25230
22430
24168
15622
8353
10263
21679
6543
18391
17541
7828
3826
31036
31599
19425
24640
28021
3986
8754
21761
9529
27741
30074
21934
27091
10869
20604
22581
7586
25650
27986
7289
23705
23072
32234
14543
27839
26496
17539
30338
32432
18116
31797
32336
15898
9750
4454
21739
12865
3025
10838
10105
28283
2822
32660
26644
4788
18425
1158
14922
7148
19618
24549
12190
1204
11564
13375
21510
13749
31865
14451
2667
17961
4252
8248
14636
3167
5982
21655
18075
32315
31418
31852
25982
25012
5472
21737
12687
19797
14134
23059
7165
30908
31186
16196
10217
23838
25857
14247
30442
9665
25412
3774
9609
28801
1614
4319
30661
24139
7047
17331
21904
29605
4235
28342
5969
18724
10156
29626
8800
3060
31852
30564
21901
20052
22532
22957
17817
10264
21984
32354
18875
10021
22560
26021
22556
4088
19480
5226
12892
28191
16081
19706
25099
29886
16774
6003
1328
12044
7720
6726
27334
211
23515
17080
32570
30452
4983
15714
2286
26592
5127
16049
13497
25632
22349
7014
29285
30414
17980
12567
8495
13850
19837
7853
3147
9158
16875
19684
14173
23978
5398
18125
31489
7729
22980
25167
28996
3290
6251
14498
12841
24248
29624
28371
24613
18162
7436
20035
1187
14148
6393
11560
15488
28796
21450
9994
13456
25342
1528
9543
30231
24384
26805
14224
849
5711
14949
15466
17388
27208
4896
22957
16776
3807
2354
17672
13374
31196
9628
23675
24341
9113
10384
3804
15502
6021
7672
5203
31514
21668
16879
30430
18847
32269
13638
27342
29687
23403
513
30535
20336
10621
28631
28356
30541
14998
10422
14225
22852
26397
11581
25679
4606
19981
6464
7283
6554
25974
14407
21703
16426
23290
27151
22504
31284
17490
22280
7879
32050
8135
29909
31016
11282
9401
23247
1574
21431
25627
26242
31916
14199
14581
12335
17405
28059
2273
20297
23598
3042
21646
28408
5799
9214
6208
12952
7845
4118
31821
27194
20923
3906
21922
5922
26700
12818
30268
16456
28179
5895
19888
5848
2715
30488
22948
27314
6599
558
26195
28395
5196
2984
7949
20041
18481
1752
28340
4043
24918
21381
12352
19231
16874
23143
12092
11561
10996
31150
30791
19587
13515
16763
31124
19959
6045
101
29546
22791
17388
8182
14501
23654
19213
20779
16179
8829
6055
2296
152
13798
30266
19649
10858
5620
28053
20194
7894
15145
26462
23336
17689
27583
10383
4949
10760
24608
6643
31648
28808
14189
24749
22323
4630
15355
18097
21676
28481
30673
29512
2716
12331
6443
29585
17419
29964
9979
4859
7410
22191
1379
972
28351
14066
19004
22429
3285
24906
24977
18396
20745
31549
548
20040
30758
17639
29161
3448
20073
10614
6791
2389
11270
8109
28122
12187
16802
23141
6771
12380
13527
18695
4117
9853
3251
26643
21562
4151
28217
24988
9868
6040
10462
32202
30061
11007
4877
25430
8816
26019
13988
10258
5853
18445
19829
12639
10289
16537
3526
25780
19612
1017
18129
10270
8065
13746
19781
12987
13817
24733
14275
11581
17232
16231
27489
8813
3463
21777
30762
16293
12752
21873
17820
25941
14613
23984
3882
1920
31858
31946
12472
24124
22966
3089
17185
26165
14310
22441
2228
12586
23482
5901
10674
1646
3102
13705
16593
21352
1714
27327
14269
27668
17482
8994
29586
7040
3439
14462
20835
1104
24284
31342
29366
20794
7682
1763
23046
13706
7556
29348
22336
15776
29116
16841
17478
28525
5428
12351
4463
15098
23854
19015
8708
15073
15901
21751
30917
17618
24617
1719
13410
18959
943
4037
23554
2032
13759
29362
31680
2143
21660
11490
4393
29277
25663
12048
18367
10876
13012
9672
1401
17251
19772
4587
18241
15950
17289
12591
19828
7051
15749
13980
6246
15101
24364
21264
13531
3229
32045
3515
22671
4340
8557
27812
20143
10658
24452
27938
13406
14810
31038
19556
1329
5860
21274
8170
30643
18586
14543
15882
10722
6635
29122
30316
7599
31067
9618
6797
1410
10625
4236
22080
24756
16775
2103
22568
26643
32174
20425
19008
19042
24520
15536
6740
14550
8124
11019
4741
17306
27653
16941
16840
1612
31283
2337
13415
9342
26472
19233
31871
5686
26844
19485
2688
17518
19546
19770
21936
30100
18625
24912
21673
2571
7812
4460
17878
2216
2091
20812
18426
31543
31439
17381
17065
6900
13985
20448
7885
19730
10084
1049
20259
28471
5359
19487
10427
29693
9132
29879
2939
20338
9500
89
23197
13209
14416
19376
17708
7400
14961
542
24203
11976
1849
25143
1774
24601
2424
21057
9183
30635
7056
17594
10426
22725
14329
27858
28466
8097
31166
17133
24522
3566
27901
22818
27228
18253
12139
32703
20117
24021
24782
14786
13431
11919
25474
353
5334
3579
27893
23683
29148
17545
26155
16709
24453
23328
7226
19063
23587
14235
16590
15388
30939
2375
15014
22509
21031
1382
17942
470
22610
29615
25987
13431
26622
2764
8682
17829
12961
7386
7001
31463
30468
5101
26997
28153
2499
16009
19442
16716
11728
27690
11038
9348
15600
22973
26711
10489
8252
28196
32399
26167
6306
18102
29391
28285
22369
5053
5298
4930
26256
17655
3813
31147
24983
1557
18350
32534
32181
2879
4450
28051
25209
11662
10989
102
21064
22416
4174
14470
8925
16840
6936
288
1477
32555
29426
9237
8415
22948
19992
3704
30434
32401
472
25873
8150
31555
25366
26845
20889
2434
30409
11147
14428
11271
29307
5120
7972
6913
3277
13012
26698
144
7664
26324
22011
1357
4141
20862
8888
11456
8286
7047
27095
488
28275
2392
24576
5047
24046
24461
23473
16787
18023
6005
11707
22486
29705
25492
18883
31822
30739
1060
16065
27326
18776
27536
32644
348
13503
13048
31532
7505
7619
24240
1455
18236
3828
29377
4181
12207
6773
22374
12860
31664
2684
3471
213
24890
25046
13154
14436
5049
11360
22709
13444
145
8078
9110
14497
23448
2792
17603
2172
31640
6280
15410
20651
1742
23965
28042
24342
28525
15083
1192
11130
16411
3401
10779
12266
14451
11810
1960
4426
14722
17396
7367
6098
586
25300
25380
30609
15426
31976
17184
26855
22483
8939
22605
4361
14557
5293
1525
14977
13104
8593
23443
23980
22292
22797
18776
31035
3521
2861
9384
15026
1511
6416
31899
30443
28712
5481
15997
29332
2969
13568
10829
31405
580
3886
5954
19723
5545
11877
2113
20696
6968
28838
4200
7953
18649
14344
1927
23302
20837
27448
3745
23262
20778
17907
25712
8208
2667
31118
2526
8171
29149
7534
13965
23566
2859
28561
7503
19185
5490
25859
174
4186
1990
2666
5990
1513
23980
13435
16614
5005
13214
129
2516
22540
13194
9437
134
8576
20819
4481
22921
13780
22350
24692
25629
27467
17094
5714
20150
4345
28793
13001
15229
10056
6425
4381
9421
26740
7628
6308
4535
8463
9388
15690
6783
22655
1351
20495
15645
18811
1312
8068
445
10897
25645
26706
28478
18083
14679
5555
20406
25957
7933
20982
17645
993
12145
26367
11486
23795
20857
28357
22074
16845
21711
21459
1252
17012
24226
8647
18037
9793
9747
9686
5818
13409
184
24390
21553
19542
16157
16371
1168
20084
22846
15563
26942
21604
27406
11857
25560
14757
243
285
10925
29702
13384
13914
19778
15405
6106
13383
2255
1555
29803
26296
27840
18821
21810
12178
20277
6820
25688
10066
4483
4710
6012
11654
13488
1812
11313
18770
15867
5322
29819
23021
27474
30202
29526
5921
14297
11241
18735
25039
12394
30511
28776
25704
6160
8252
18904
885
23690
4046
31049
7696
23247
14204
4600
7785
29572
18990
4888
23106
28551
17570
13392
17267
13416
17897
569
26727
18666
14312
19169
17565
10630
18391
23114
24872
27881
11973
1771
17711
14449
18963
3630
13934
1204
1012
16625
18867
12793
3060
6
17250
27836
24430
2226
18417
25135
8723
4401
23661
17588
18026
13616
14067
8292
1611
12882
24375
32651
11107
29868
7937
24361
10163
29513
17067
29554
32272
23719
10660
15439
31397
4920
9969
27099
15213
31202
12710
4327
2233
4223
25969
12151
32176
24669
21264
322
201
14527
8406
9270
3155
15194
31530
3314
18158
14554
21767
19274
27664
23898
30845
7878
1153
11503
26415
23331
28383
20510
2771
7377
14362
12386
13749
19827
17401
25767
29492
30818
17811
28113
10307
28459
2007
17206
1002
15884
1541
12063
16323
28795
21554
31563
12413
9631
22472
28012
9820
29908
20484
5032
7606
8748
11894
24858
16248
8937
16261
6734
12703
29188
8936
4553
14272
13481
5166
13438
9089
11960
823
26202
5405
1861
31928
11961
3044
23833
25275
13550
18104
11055
29980
3264
29841
32056
10766
21223
13562
29720
22164
6547
26770
6758
9992
9445
20876
2288
26520
30580
1072
23348
7364
11978
10071
29672
27617
12260
1266
4468
21401
9142
27268
12915
13416
17316
22948
18997
10529
30218
2172
17728
12135
15029
12876
24010
8244
26471
14312
16448
30805
13399
4149
32706
28908
6319
2224
23205
26605
30477
21992
20208
6306
6658
29695
32480
9255
150
22317
25956
27119
31426
27709
23201
12349
5620
26893
26735
7339
22926
27922
28378
31910
21352
29138
6306
24048
29769
2921
8123
30493
15474
30981
25038
24598
14356
1385
17590
6810
19413
14190
27396
27320
20815
21117
14460
32598
912
10006
9877
27309
15259
13132
26877
27338
31973
4935
25106
527
20953
16832
26474
24496
30805
10377
22093
6198
24107
259
30774
11775
28065
1189
14165
27068
10737
28028
8975
754
7114
18086
17533
6266
3532
3285
17129
30977
6416
7890
22612
15241
414
32247
5619
10214
25333
24244
30893
28481
11399
2316
19870
13464
28218
2325
26263
25916
29929
12155
7836
24914
14048
25085
11877
29779
4195
15342
20702
7564
20520
32437
14247
10398
5080
21070
20372
5631
29843
21959
21806
21367
873
32708
14640
17572
5601
20219
21771
7031
25206
19128
28515
181
27924
21339
4239
3191
17312
17109
10013
3753
2669
23855
31819
10127
22728
4355
30863
12347
25965
2049
14353
29465
784
1899
28460
13412
27861
8345
7920
2733
25304
12661
6562
1883
5798
13568
22330
12070
26561
25548
6629
17050
28704
9344
25217
22171
24749
19544
13604
15579
11717
12194
11669
15461
3004
577
25552
6678
15190
2094
8326
28959
9807
5618
24987
23428
19412
24877
11943
27296
32008
8466
15734
28575
27008
32489
26248
5122
31687
22156
27025
16926
1498
18154
506
23965
15789
4743
19294
19452
2469
20474
30222
19723
7452
27245
19341
9073
25824
29217
789
3365
17332
15592
26128
3062
7885
22185
17568
32260
14934
16863
14872
1604
26093
2074
16768
17664
31012
6780
6677
24661
8192
573
31686
23731
30590
24872
7097
17761
31241
16924
196
9462
15365
14732
10228
19937
30791
22016
30985
29410
27802
24721
2808
3982
1596
28016
14440
8399
24159
15456
1077
11617
1705
26936
19952
7767
9653
27746
22109
26516
25487
27487
5108
82
9787
22848
22369
11167
7727
26414
16388
4315
8916
17635
113
9275
24329
12591
29424
24393
19872
23156
32255
18785
1504
3882
18635
20533
22529
15964
16315
28746
14771
18472
26853
11642
663
7747
2199
23408
30916
13427
5583
13871
11587
16660
32451
19083
10387
19860
15707
11949
26407
5879
15281
2708
9699
15955
2200
28815
32419
18772
23570
1476
21684
29369
27608
31404
4440
19158
4054
21396
12358
10256
13996
286
7207
26468
10799
18622
23323
31969
9190
32062
2866
21545
12685
1850
12020
243
27029
15780
18905
16268
28578
3649
19666
17746
18700
30250
21182
24887
351
19020
11509
27716
7899
20457
16321
2580
26356
9493
12000
14676
29395
31033
23043
13386
5075
5523
10578
8523
2052
13748
10726
4931
32428
12289
31309
23089
27841
28211
1801
9128
12657
13783
5906
27472
2714
16590
10320
15202
22866
9678
7201
15663
13920
4320
13273
6554
22209
19424
23869
10650
16421
5888
20231
30393
19823
20804
30053
2968
824
28935
11898
5224
13388
19573
22236
20338
30251
12816
9748
19856
25994
20779
23329
690
15055
29298
14580
9818
11929
96
21237
25632
11830
24518
10622
23599
24619
6219
5723
29638
30895
19687
2384
30136
24112
1127
5267
748
7629
16876
18765
21213
12250
28012
25629
17435
3168
3119
18837
15561
3994
18771
21179
23325
11897
20040
27017
30180
31520
27477
30062
27899
31080
4114
6091
18902
17246
5099
14455
12285
32192
20132
25147
7562
7300
207
28503
31660
30545
3159
1531
32551
11780
31993
25806
22738
23853
24774
32619
13848
8847
28834
27358
4471
29091
2248
6700
21252
14357
28995
27337
16613
21061
30326
287
16341
20423
20886
29966
25508
2020
24875
20070
20405
32280
12691
20846
26494
5778
21886
7009
20235
6838
3698
3820
15227
3486
17737
4273
4993
20629
21167
5063
24549
6043
6053
30264
3072
11748
26112
11650
30276
2648
14570
17174
20658
13332
15711
8412
20833
30440
10930
11693
13054
26584
27398
14807
1350
14747
5077
15260
19854
24862
11885
23475
30523
2562
20590
20934
5195
23322
1101
4339
28106
2798
468
17484
25694
17466
13983
6998
8380
23152
7841
26253
5167
20018
27805
991
18712
8665
685
6956
873
32241
15039
10957
12585
9658
32530
25610
10996
15273
12990
22434
17528
21988
27177
29255
11513
25290
29587
18718
8141
23913
12171
13892
25824
20997
14711
17732
8498
12952
24592
28578
30548
31565
28132
10579
30703
9988
16850
15683
25149
29649
14225
31182
13453
30588
24618
11591
3267
1026
2681
29300
22742
23571
7089
19727
22353
14226
14293
5703
26578
6169
14911
14653
11150
28018
32284
16263
30155
2590
30445
11697
3173
26578
6408
12215
14410
15349
4630
5516
9725
23588
20883
8086
5654
29358
24913
6960
24000
792
3573
20262
14138
16026
24440
14397
25176
10400
24999
5544
5375
2890
15524
17812
15276
15341
7523
29085
2541
12176
28205
2902
23270
24431
24352
6342
25038
32123
16045
20709
10863
30936
8729
2083
27050
21085
24061
27874
7664
16664
20166
5111
32714
9928
28981
21804
16978
21601
19168
30657
9144
7819
8880
12006
19902
16931
2401
26179
1596
6329
12804
24177
12189
7440
6784
6526
6496
16290
1037
5996
8344
2841
15288
25266
8300
6358
13026
27834
12952
21870
26561
14946
16362
5416
7645
24699
24774
30849
26260
20557
3490
8360
31127
29713
8075
13314
23915
7029
8350
12967
24552
14364
27791
6883
24253
27163
8486
23990
24554
23677
24253
9044
31301
29120
22723
24486
3574
16470
13885
14023
19707
24356
16959
12680
5029
519
27767
16877
4376
26186
6563
6062
16335
3889
17430
17590
11798
21105
27703
12711
5774
13493
22785
25172
18604
5659
10372
2630
24890
11957
12387
28984
21205
23305
11860
10138
15982
14481
18595
2833
7113
4668
24239
6902
12801
7403
10603
7379
24577
1013
11231
4329
13580
17827
29605
30381
22839
24500
10604
24902
17898
19418
29048
23569
20066
19515
7199
7965
30770
2034
9806
5039
9149
30603
2563
10431
1214
8586
24272
30585
27328
9957
19038
14269
22950
8070
16615
1183
29221
18122
5563
28904
10820
30724
23484
27539
21987
31482
5602
29777
32561
8295
14264
8198
3893
11896
30173
27977
17990
7503
26244
26856
1171
9091
29173
8802
25243
4766
4873
28779
6582
925
26545
1387
15498
21363
4464
21503
16279
28551
26077
17271
20908
29233
28450
13398
1135
3906
15487
21717
17626
20601
712
17760
9144
8718
3298
3352
28204
12075
31818
24143
5674
3693
22927
11023
27388
15976
29907
2452
8638
29217
5710
26829
11746
11665
32459
5343
27053
12841
14376
2978
3768
15176
13786
8482
32369
2758
17767
29727
23191
17773
20203
12941
28097
8059
26004
11797
25560
22818
10277
16530
21144
2823
29047
149
4627
17094
22771
17890
25902
28525
793
32240
29218
7677
16892
20589
2813
1516
1476
5048
17950
26021
7467
4453
26300
12038
17920
6844
5472
993
3495
27962
26726
636
407
26382
15488
25105
12250
2974
23859
24398
30609
22528
32088
30934
10605
26497
32668
31679
30775
26657
3840
24594
14665
24341
1882
30030
29971
15684
11731
24293
18328
17355
14695
24765
4334
14457
11112
31664
30145
27219
30714
23053
12240
1553
32408
3093
11886
15006
21134
5247
1794
11676
21374
17652
13704
16351
5595
27283
11534
8685
7025
19055
14392
14469
23515
28172
10684
20756
7435
16357
23782
9793
7109
30697
1558
13411
1060
22521
21309
24069
14868
14444
23652
24681
29142
25740
25637
6146
6272
18198
26672
5368
3194
26301
455
32680
9730
12968
5698
19745
4009
7919
22412
17321
28371
4386
5283
20278
23611
7363
23068
9717
11373
4039
25245
15558
2122
20248
22370
3006
21896
790
24761
8868
28463
5137
1669
3444
11805
30417
24767
2271
16770
18703
6128
1737
22373
15865
13752
714
5405
23217
17738
9902
24537
719
17390
16117
29977
21722
24958
32595
21299
22227
4329
5937
29135
29355
26803
5674
19050
17096
21363
8335
12503
11907
4179
29667
31673
22189
916
15200
32011
20997
22280
13424
19097
14788
27286
9013
22148
1554
5305
5890
22465
14990
13057
32479
666
25289
2704
3593
4396
24267
30878
28784
7143
32653
29430
20279
16913
29566
22647
9527
8772
767
4500
25468
8939
7398
213
26054
2761
13054
17235
14090
26995
26245
16704
9711
20432
1197
3676
10577
22688
21276
6785
5313
242
11372
12824
7427
20652
27820
20130
11407
21256
11741
14128
2065
24337
21622
28907
17129
12330
27616
32653
939
20103
21242
30182
6304
18354
14486
22104
23619
14087
26618
17243
27077
7737
25953
32762
8585
3531
23160
16467
32169
7575
21217
18971
13935
13642
18610
25880
14045
9446
247
7078
24870
3391
14380
19251
9010
6271
7877
1219
23326
674
9638
15724
3001
29178
6826
20186
24840
8109
5408
18380
1219
20530
12874
3222
17110
7127
8669
18333
32226
1854
643
10718
29625
27611
3676
31592
20965
12407
6008
31709
6690
20912
21599
4852
22239
14967
31881
20730
8129
27793
13542
16205
28191
30999
19544
223
16775
18679
18484
17081
5176
13680
16581
31862
8102
28825
3528
195
28922
15835
17137
24038
19855
31346
31845
3636
26486
30192
31549
30873
25074
6842
4618
16660
9725
26248
24907
26936
1729
13034
25592
16557
13856
19902
19451
9644
2348
25019
11954
5510
3248
12009
367
3358
27045
4902
26104
14699
6590
25251
18183
30711
27613
4197
17610
10083
22683
9925
29028
18400
9924
4080
23914
27575
24536
11879
29799
30658
5260
17792
10585
13297
28999
12771
29490
11206
8869
29198
6488
24281
2551
32466
20517
16725
16833
29652
9576
3193
29243
2060
15586
24344
30161
22089
23753
11801
19874
30123
19017
1271
26117
25128
30206
5698
11007
13576
30843
7197
27854
11625
24262
2238
5218
2236
18137
1778
10206
11077
19491
19094
7964
6303
17413
12574
2086
15414
19030
12818
31678
459
7647
8076
25047
15860
19679
14011
1561
26265
12681
99
31840
7032
16001
347
21822
32417
7010
15118
8821
23803
4411
31738
19326
9917
18189
52
12805
14326
20047
25058
9834
28934
32619
22976
11330
7970
9790
20379
3796
13524
32412
15065
17820
21113
201
21231
10443
7874
32257
4073
30149
28467
3313
31462
9121
16550
17979
20121
1965
32713
20726
26570
18920
8604
16172
1490
10630
3060
14938
23331
4464
19963
32756
28094
31937
10414
11743
18362
11081
26461
24308
30660
9742
2095
6019
24985
5062
13467
462
24206
23903
2544
31370
11784
8823
12749
28002
13829
32228
19114
372
5009
6701
8270
5586
31570
5647
13398
3585
27133
14585
5812
28285
9437
30608
3630
18740
2643
18476
4315
31238
12881
18265
3241
13132
24287
11351
32730
23118
15510
3483
24962
13258
29479
30028
23051
24692
1493
17862
19377
10609
1014
28186
11015
7387
2423
28300
10096
31297
3925
11539
9126
28452
3108
6621
32310
9082
25740
9161
10754
5678
11207
31979
5822
18846
13348
12043
26996
16412
28551
38
1280
18542
8167
9964
25236
6735
22479
20289
14901
17131
19166
28348
31548
24934
28230
26922
5334
13142
26960
1292
3717
28996
21975
12308
28829
31536
20681
5037
31944
21770
23209
31088
13954
29497
2063
32688
15261
22295
550
7663
27838
31603
22317
31078
26078
4366
6904
2433
18122
2847
22380
3168
19363
31696
19718
19287
13663
16574
852
12143
583
32636
10618
9699
30327
29201
18095
21668
29793
885
15037
7894
9546
15384
3717
31057
29131
32347
5240
3872
19025
4885
22815
13829
16285
1552
25492
13043
27461
21130
17927
20115
10289
24500
32314
14784
6943
19766
9733
16906
2848
4008
29651
22071
2585
23834
2851
23229
27971
27022
7432
20041
5547
29561
22697
15932
2226
8262
11202
2856
22670
10450
21281
32087
23751
22001
15146
10565
15035
19688
12371
9249
15898
11249
24489
2128
363
30394
10057
18922
26246
21222
14055
23355
24344
5258
75
8515
1314
6833
30671
14391
890
31705
9442
2045
20040
627
649
10420
11146
31079
12248
5930
2960
18574
28797
14691
12673
24887
32054
13081
11220
31395
9302
2615
7384
7816
14916
7004
21293
1425
23035
24158
12873
17372
30091
31429
27380
17787
13975
11340
972
6900
11989
30563
12737
5569
22673
11696
154
13521
26410
17033
19310
24837
26515
28539
1324
31155
12500
10439
20756
12583
9351
25055
27451
14621
16219
8685
24843
16200
31124
26701
6593
14798
30601
24846
12013
969
2596
26997
5366
18888
32614
25722
5011
17996
17120
24393
3667
20044
20027
1474
7446
11697
27057
26362
29841
21467
15506
2487
7886
20506
11712
20728
938
7733
5171
12394
16725
17127
14198
12532
21717
14429
8232
17709
4740
10937
14460
28128
28301
1170
15546
11919
5491
19313
31675
20973
21642
19542
26480
32354
21116
6193
30044
6795
6085
20586
20246
440
26424
17241
21192
2156
26232
22734
25522
20704
5759
20107
2728
28545
7195
17605
26255
24429
22635
6823
27876
18170
20838
6862
31286
3119
27221
30670
12967
14664
27732
6315
12911
12599
24278
13665
3673
13342
12318
17245
9283
13269
11718
12802
15266
30826
19771
30501
30204
5276
17471
27537
3949
10848
29030
30596
28451
32604
5274
3887
2017
24943
22423
32570
2176
23334
9839
2366
23657
14408
22535
20554
31772
23116
9880
5470
3500
23773
30767
17395
21825
2653
30510
20081
30101
8287
31433
23223
119
25643
16265
16023
22347
1854
28620
19542
23432
23496
31811
28465
28472
22828
17523
6099
17788
28803
3893
30944
773
12569
21302
4974
11932
15599
20344
4998
29083
3383
29647
31911
10354
1755
6500
9795
17188
24311
2869
2112
30151
20314
24211
22392
14599
6921
7075
29242
6819
25276
13790
7367
24046
18783
21649
3542
27727
26770
27485
19216
5570
5417
8888
21908
8533
29613
4202
9844
11692
23769
16401
31543
24957
4638
2974
29269
27668
16927
17366
30654
21969
23862
10450
339
8357
14829
12927
7019
14489
2438
10526
17744
13383
7284
3524
7615
25951
30431
21212
24427
14627
13604
25761
11643
26859
16467
420
12295
31394
21167
25420
159
4422
19505
13905
26309
3436
22277
25407
25710
32186
23564
9978
4740
24428
18264
31540
19815
11984
7347
20216
12647
18377
23577
3875
26444
5712
13881
32486
16591
5870
4344
24645
9502
10051
23534
27803
19803
9858
13542
7444
20765
26099
23650
17201
750
26992
31254
28999
7372
30696
12648
13056
15529
31711
1526
5593
12522
13292
4112
419
5355
13113
314
24834
15737
12807
30891
6640
30039
11816
10193
22075
2490
23427
18122
7171
9933
25747
22764
13886
1070
31464
16703
27955
24943
14244
9981
3842
21142
19455
10777
18459
23709
452
26549
19394
25075
3026
20138
19601
24312
9884
17412
17654
30341
2218
6020
4017
20066
8981
18460
20567
15310
12815
6262
11218
16379
7512
29550
20702
21647
10442
8339
20622
2084
29902
18602
18117
27337
20197
18986
21181
19071
21024
24001
24452
16316
22440
2766
15482
2540
14135
27621
1492
15339
22429
17231
23836
14476
3900
24455
29102
32533
21644
20414
22844
18369
16024
26711
14411
28732
21886
5996
15029
14378
13043
2375
23589
19873
29373
7402
158
10667
29496
10376
23796
15557
26066
3593
12112
27490
12175
8074
18353
23145
6533
21466
24678
2994
20832
19199
18069
19085
14815
8879
21175
26683
2902
6871
12569
18547
17450
2583
31325
15839
26968
8772
7159
13980
5871
1252
4273
14526
24721
10166
26919
11977
501
2344
9291
1081
24424
13535
22498
4603
22088
6195
10501
23282
23943
9903
5281
6259
30254
20117
2040
5832
27608
15705
18718
25009
25906
29729
12156
16607
17538
11339
11344
1143
22557
3047
9003
8597
23279
10808
4722
7878
17655
25656
3038
20621
27592
273
31996
26079
29450
9893
18350
17575
3318
7687
10919
13891
2782
26623
31219
25605
15778
8586
10093
9139
9788
14423
6983
5127
30261
28491
23685
2351
24622
13054
2434
18766
14424
15932
8298
6393
25852
3718
6079
6075
7924
10382
18132
27794
560
11454
7765
17008
28210
15281
12477
5307
13970
10937
2781
19405
9083
2135
23644
10613
16940
28870
28722
1396
1400
12913
29996
23040
13894
17016
5739
8260
13329
303
25573
31967
1385
20126
2786
15457
14449
28418
24192
8145
4959
16203
12335
31017
5376
14749
30774
6104
17713
18895
20013
1343
21862
29166
12672
4405
4391
16059
8691
11907
7822
3113
2072
8040
3786
6624
28122
29206
16031
28605
1782
19764
1764
4687
2429
3162
15620
1883
22099
11416
893
10841
29107
2287
27236
20725
19368
26326
24543
16272
22677
21175
28842
28092
31151
19567
22674
6851
13694
17361
25341
12832
16480
25892
7008
4
21765
13729
19911
13779
23796
32757
22353
16037
26884
4293
18097
25541
31204
17189
19631
16693
6292
23840
31908
2600
16105
15411
23810
7559
4109
20946
18378
27245
24828
28641
6931
9387
4361
25916
14730
18756
12887
27184
23276
29425
609
23808
11406
32415
12914
20065
16854
32748
45
24062
21695
1454
7686
26357
22104
11884
27591
31831
20294
3299
32525
13740
4158
23682
31688
19309
12939
1518
15550
904
26766
29567
19464
28128
7737
13761
11156
28874
27028
30709
28066
9617
19256
17549
7495
1267
16086
6579
30444
25506
7089
19906
28880
16068
17695
17355
4994
22643
11021
28690
8808
9278
6776
11407
5179
933
24052
23917
23433
21153
11817
25998
32561
17434
29265
27397
747
3695
20667
27547
8125
26610
3915
8523
19590
21353
17400
14021
5752
15502
21837
19439
18838
25744
19177
19039
26938
7824
28158
2530
30865
23589
14805
17657
4893
2520
7241
23895
21810
15272
1608
28772
5241
10631
19541
15293
26736
31708
22280
20913
744
26623
9100
7621
22662
7360
5153
14641
6467
32480
4248
3937
30956
13718
30425
21109
18339
1803
23392
16321
23132
1247
6587
13390
17248
2210
13582
4440
23245
91
2192
28877
5908
2821
18443
10708
13690
25869
20576
9540
12952
9429
18432
553
4827
18228
3956
2626
31493
3060
470
30341
6313
8786
1366
922
23219
9602
27574
22108
31198
26920
8910
12379
20796
5600
13577
29789
1713
5559
6630
31448
888
20656
22136
13945
15517
14656
28134
10401
19329
10450
8684
9699
22106
3139
856
27271
18608
24679
21134
32521
23521
32387
12292
27803
28574
14544
7367
16799
12908
18175
19188
26158
6691
687
15935
16532
11378
29689
15472
10705
5977
11749
3553
12825
6574
31473
3586
13653
15257
22929
3029
16288
22296
18602
31345
16843
28796
25622
29059
5594
24297
20771
32201
21380
17626
31508
16790
29879
22683
8095
25937
18962
31949
11117
22517
16233
10469
26269
24466
28740
8621
28993
31179
3168
450
4063
3158
3117
4629
18417
25983
13646
29290
19557
3237
28444
4572
14878
25275
26404
30550
9330
4809
1444
23067
29098
21097
12818
2624
1925
29258
26517
10541
18358
16048
6537
12832
23649
12274
26624
21161
21665
27386
9276
4910
4357
4553
9525
20329
14
25584
27673
32485
10931
12056
6343
19845
4317
3963
11860
1022
21995
105
10119
16472
15664
15556
23388
32368
30320
28548
12676
28792
14950
13364
9954
10102
14145
26483
8720
3009
19747
18292
6105
9608
6816
25727
32700
13642
22853
24941
6255
7263
2575
1071
31834
5485
29167
5704
1560
15604
26188
5455
1273
27075
27009
13166
16770
21888
5979
10213
20972
5413
24989
20360
16033
24957
7292
7484
30402
12203
23330
23166
5284
6563
7215
14301
29262
5807
17971
11643
3581
1003
29750
11152
16032
31945
4657
6887
14428
910
18834
11614
24841
31187
15804
32362
29875
26886
6276
913
31258
6886
26293
19695
1842
522
17549
5554
21924
29275
23101
9373
10059
10645
10349
31881
31416
10186
9398
23775
4014
22495
9766
4639
15271
2061
8640
5724
3661
12898
14074
446
17922
5437
3133
19199
5209
7125
31591
22510
12954
5811
3660
24047
17986
17459
19249
4729
5505
10503
20816
11158
3002
14516
17752
12391
3590
19987
3562
6557
8114
29649
24604
16897
22204
31983
7162
9966
8282
27971
30976
30929
21875
12790
673
31664
7971
10756
25795
14240
11067
32447
2112
31053
12479
19531
32615
8822
17511
6691
17017
19054
32031
9107
15404
11932
26759
28733
9772
29436
20339
15508
13717
12956
19052
12900
6010
24608
9773
29000
15713
30270
6183
26418
31173
30787
17150
30950
27795
17036
2825
31359
16301
11021
15062
30697
13162
29134
30627
19813
31507
361
1510
4105
26984
32654
24007
17981
27929
11647
4000
28735
23885
6292
30852
24736
5663
6840
18101
25796
25884
10985
20012
15718
17862
32188
11541
26386
28180
30167
16465
12969
10992
25718
26610
11745
3256
6631
7106
23490
25533
17933
20413
15658
3271
10465
10386
10569
3470
4844
38
30246
322
13774
14865
28952
21765
17594
26655
10062
21612
25848
16080
32328
1538
28258
23000
7260
22469
31719
20640
8498
7078
19467
6851
11848
21517
29029
17553
16238
20563
21279
29584
21323
6470
32122
15095
25558
11689
16968
16433
11998
3761
10608
12128
20099
7305
12653
32727
8634
17103
24527
2206
1229
29973
8632
25842
23001
31585
31840
10434
24910
3757
3474
25907
25202
17767
23597
32030
9183
20466
30884
18829
13312
1316
28031
3649
408
16070
32727
15919
17468
1559
16350
4093
13523
4169
26964
25226
5661
2818
5139
29028
3369
14556
13444
22864
18910
24038
27688
27846
32627
31777
10768
22642
11510
24579
7013
