20120
22926
2224
1460
11948
3743
18365
25656
27418
16521
21842
1978
26593
25664
18178
29521
2501
5531
12385
14389
21707
10710
18824
20549
6847
21008
9618
2177
14766
19918
31009
31632
27245
11638
28890
7227
7952
9429
6116
20464
29043
28058
20077
6464
8628
14809
20518
21089
9398
13961
19138
30637
17057
7686
1147
545
17757
23183
4748
20959
14106
14537
8120
10412
12491
10811
17090
13426
14502
6096
25842
10688
12454
17496
14487
28229
21769
16134
16255
21337
19154
26099
24961
24692
15944
30874
4852
11701
4469
14939
2869
20060
6824
9464
2853
19280
29428
11035
13224
11674
21678
2766
27687
6376
2547
12289
22798
30219
27424
9992
25167
11642
27992
7962
18910
29132
16642
31955
21043
6721
71
31922
29899
3386
28056
26012
10407
15037
16935
19288
14540
9970
3177
24849
10945
1193
7835
23511
13588
24529
3385
25886
17877
22530
15752
7485
6425
27381
1037
11760
24441
20230
21268
27862
29840
23993
31019
3572
9601
3634
28580
26161
1902
32699
14614
15832
24066
5186
20444
13081
4584
6872
9365
11400
14162
2611
11426
23452
9331
19245
172
20273
6149
4931
2843
5638
28612
20247
18079
28992
28400
7407
3243
5862
5327
22323
29685
1123
809
12019
16120
24839
29898
22110
23155
28806
17412
15180
27623
5495
299
20918
28700
25558
6423
28216
27036
17283
2981
12438
7990
8897
12854
32308
27261
14519
5678
3228
5703
22514
22390
31740
19759
20706
8955
421
6163
25688
14637
8846
27798
17935
1153
32207
19359
12064
16367
10022
28632
139
11637
4469
3120
30133
23698
2370
6745
26341
203
16181
14667
7110
22570
25246
7103
11752
8634
19437
1717
31551
9228
14135
24559
10402
17333
3768
19571
13390
10702
17740
24333
6240
31347
16628
22219
32094
6980
21847
28031
31919
2535
20031
13889
29470
17027
2584
3050
25435
13895
9332
3994
26746
20961
12425
14130
14450
5128
945
27611
13984
13299
4074
14461
5697
22495
20052
2121
3323
23436
14773
30000
5461
9920
22776
9833
16698
5060
22954
16111
7291
26082
14972
23552
8010
20461
1475
9120
12479
2745
7163
25364
14678
31646
3648
15719
17775
27385
2259
27113
14285
19115
19868
682
3096
3224
16034
25347
10587
2346
30868
5646
17542
30156
32067
21801
21229
27503
28198
5752
3271
32008
22229
11104
32689
24079
1934
28428
12584
6402
32692
1259
20754
21984
26698
10031
31798
12463
7804
1360
3776
8182
19991
12936
1726
27459
7180
9301
30373
12711
24817
16634
1996
53
29567
32253
3311
30855
789
3754
9390
1849
564
8847
27660
10859
8449
13311
16625
18499
22470
26255
5288
5481
370
30108
20066
2954
1556
12994
15793
28629
5476
5222
7437
27009
28986
21550
9299
10309
18452
7555
11072
6878
8084
19478
23546
13709
20224
14936
30088
18582
2497
8192
7766
26306
31205
138
18098
23518
27293
10674
6993
13114
703
16893
1995
20011
3908
26416
18714
2697
24011
23766
4127
31025
10005
19135
13341
9348
2439
2940
30012
26343
5036
2788
20231
20801
24240
13458
23279
8576
14566
29284
17094
18709
24642
15101
17220
883
19679
12357
16006
31891
2939
19940
24201
1907
10230
10186
18356
25746
10199
14506
23372
6262
5319
16506
2557
21031
5908
13044
13911
25009
8239
13848
10062
16038
9518
12457
2746
7833
26955
26795
2005
7076
22627
12779
25024
27363
29047
11383
10750
8951
16687
4898
759
4740
27730
6658
29303
9907
19023
23793
17452
25008
4024
24079
31788
24877
2242
5182
22892
29918
25542
2468
26697
17659
3010
2605
9475
2241
4825
25095
11838
19697
11471
11300
1920
19023
14734
12476
27573
19493
24484
21448
12206
9917
14018
5000
13469
15851
574
5886
27290
7041
31634
19568
25378
5592
11483
6122
29587
1613
23387
4537
26545
4034
503
21745
17444
29977
23482
24040
6392
32701
32336
30905
25627
30233
1164
16323
994
8734
18658
10791
14725
26562
12270
10829
15262
27515
747
23648
22702
18632
23101
17613
10649
22697
6120
7880
21541
2082
29206
15047
23934
16059
3477
27909
3253
21763
10326
3072
23868
6920
21487
32507
364
28385
16410
23677
29951
25381
5428
6353
8086
30065
24255
17540
1845
21734
1504
23273
4802
14504
23522
8344
23689
18016
13489
4587
5307
2235
4448
24960
29674
30185
23204
1722
15759
1567
11094
23615
21124
23061
10997
20091
21386
29064
30753
6684
21445
29113
8993
6805
6971
31725
14431
10395
31064
5099
23271
2219
10093
5761
28395
27010
15148
16383
21569
29346
10542
17082
12515
25300
22382
28043
19310
16033
16331
25166
30116
3799
8841
23651
1771
12043
18640
1840
26315
11281
22316
25756
10100
12933
12300
17302
12342
3398
26179
18060
30727
13301
16266
31221
20480
27002
18171
31431
15840
27264
28567
11521
26247
11252
18114
547
2172
10634
14018
20401
1641
17465
22852
13748
410
12474
22998
5433
1153
30220
26734
5839
15668
31730
15329
16653
18413
10611
9325
7946
2441
4954
11824
30435
6667
15028
21423
4153
16150
23381
16464
2736
30326
19027
8928
17522
4247
25736
4109
20650
23308
3348
29933
32265
23306
15322
6518
27972
6123
7166
13059
14227
30123
14958
1749
9523
8046
17494
7312
29670
504
21929
186
11630
22067
22431
5952
3606
15277
28465
32241
31529
25368
31647
32512
2424
18632
9451
4998
5080
32568
31324
30206
24994
2438
8444
17607
23858
17906
4634
13477
23144
26722
27080
21313
27946
1249
17757
22948
20448
10780
12789
3776
23030
3044
10988
14824
1630
15791
10343
9554
2571
32022
15819
12444
31351
3160
18500
29508
1055
7382
11584
28463
12545
18837
10481
21283
16164
8639
11470
19789
1808
17186
19986
28092
29266
1200
17468
6371
506
12541
30605
2587
25885
20677
8077
26143
8019
1379
29063
23950
16185
29530
24328
24429
9456
15568
25700
23458
22685
3086
26417
5498
28903
11777
9418
1572
2428
15548
12493
20275
18828
23028
926
15648
31308
31107
6369
22982
11637
15334
7684
3813
29635
22719
12467
22687
9078
6483
11618
2045
11988
25356
3526
5483
2724
20984
22364
824
9397
25417
6625
20504
27221
12244
32216
31138
24282
13970
25352
3793
16925
14113
3835
21127
18170
7235
27520
28165
22994
30302
21801
13173
30473
1531
31182
28769
4488
22088
18184
20537
2363
26518
26807
20176
12692
27099
22397
15071
26630
1841
30528
18561
14988
15957
17836
13238
7712
19752
6319
29408
13636
11058
27899
31049
9852
5146
17544
2458
721
8751
5391
6245
15440
30947
18063
16029
11401
32587
16844
15385
11025
10912
3787
2581
13312
22720
856
32176
7796
15022
384
31343
25356
20238
17943
13497
29293
27818
18228
1112
7105
23791
8880
18174
819
1648
7338
21182
10356
10083
11781
30863
32057
8223
8936
5837
3003
19876
18750
15288
11574
29715
12084
22514
20586
14642
29118
261
20509
12009
6930
17371
22935
28103
4395
1860
25380
16254
5191
32371
12950
22883
19817
11137
29632
9967
27864
29161
24316
9281
22686
14603
28582
18585
27402
7850
10911
222
16687
14701
29899
14873
6498
27489
31123
31736
16832
17525
8548
4940
5798
29949
6190
19595
4407
20528
25573
15951
26073
24234
2820
9173
12984
235
19205
18303
15938
8661
24298
32082
17834
31026
21943
11641
23397
24108
30966
28352
21935
10707
17202
12570
19719
10651
26236
30748
10927
8667
25321
9599
18221
24655
11537
21410
6349
24214
25746
16389
29213
29877
6795
17871
20591
7059
10274
26697
14938
16251
5374
28001
11833
8861
3534
2089
8363
20365
27328
4949
2833
7106
17930
23488
2579
14872
8805
31463
3100
23887
8589
16748
4057
27273
19139
12692
29374
15312
24906
2506
20353
29326
19181
24346
27805
23059
1656
18359
15057
23059
12859
5494
25502
31013
8842
8272
26572
28485
2111
8420
19941
18515
10038
6899
24760
5778
7376
22498
32216
13609
13937
28987
29723
6822
22531
27436
29211
15222
29296
24326
1209
31854
2603
13759
9621
13637
19880
29297
22934
17175
15328
3290
24424
10980
23246
23514
28153
19470
32244
4087
764
8927
7383
15836
16743
6913
14718
30933
24564
29188
22263
32085
10147
10716
32722
27505
566
2913
23717
4451
6323
14541
23174
17927
486
20544
24980
21345
221
7743
7022
28949
21354
24625
18874
20205
4261
5857
11424
12119
5991
26879
31052
4581
3279
5535
24688
28107
27329
30393
9407
31844
7778
5031
16755
5037
13982
17322
8392
4296
8867
24677
25215
21115
99
2143
12892
17327
31509
29061
11944
30193
14772
19367
24240
19444
23934
13047
14659
13325
4215
12941
15160
29366
9188
22245
3558
32011
16080
20575
15787
25424
7306
9662
102
19305
23333
30378
3068
31585
23031
20014
31958
29668
10267
1338
19553
6852
751
13602
22413
30072
25751
14878
30031
29592
8823
17864
7456
18786
7101
417
7547
23096
30677
16780
25186
13088
29938
18000
19418
5443
18060
4123
5227
4206
989
16634
18337
11668
9827
3938
18573
10570
6241
18602
26693
15946
21341
25487
3167
32753
3747
8878
25978
17600
32193
18189
13750
8415
7946
21139
10039
28821
6675
23180
12965
29393
11832
27174
5551
29605
12568
29942
22916
1733
7445
22899
26968
21004
12245
29562
14565
26616
6340
16073
31463
12841
14224
2436
26527
27622
27307
14003
4945
11416
28108
4289
21702
588
18542
11262
15307
7221
19536
22814
6064
1320
9204
10169
3530
28191
28960
30921
16369
2231
31583
8495
771
29106
28289
7214
9567
11125
10519
19950
17770
10378
6904
22010
14350
26144
13247
29123
32566
5766
24906
28443
20563
23476
7740
11962
10970
4546
4220
14013
32452
10606
14261
21794
25356
4763
11220
21069
23605
14029
27533
13190
12994
942
15062
3448
22971
1419
4457
26292
25903
4567
6470
10796
4268
423
15663
10680
21960
31797
18219
12437
4764
20830
3844
9696
16452
25636
14537
16160
14689
9516
845
17082
4247
7489
9894
23162
30479
1999
17070
30225
13046
32105
23941
15761
9723
11843
29197
5106
25557
11449
3692
10641
22715
18374
654
7852
32746
30094
7841
13799
10787
19924
407
5834
21547
5252
30632
8256
3401
21547
26829
19226
28107
2170
22342
7306
7553
22728
28180
10408
27200
25228
8064
9457
28256
5094
21394
2755
18239
5655
9883
18914
23484
18437
14252
2806
12989
18616
1820
523
22953
4576
25862
20751
23278
8780
28617
31320
17533
14452
8838
25371
15945
7408
29605
26102
12492
31999
849
30055
31618
21761
23031
20050
15211
27389
14027
14975
8589
22812
28227
25369
22896
10284
22682
13105
32672
31262
20558
19001
10287
17545
16546
32394
30000
6949
17437
28638
15677
2640
21257
10710
16882
396
502
22134
30320
19966
20532
164
21979
9457
1628
26284
18909
15953
9416
23743
8480
32561
25110
16239
5591
13382
14761
30261
25654
23657
2599
1516
28917
793
17404
13139
32722
10998
10198
13710
31244
18503
5416
30885
17640
19317
26791
28676
10288
15246
27344
30969
17583
24771
20063
19770
6838
32491
16089
1372
8346
8190
32516
11101
26931
28314
5994
23835
23135
8321
5337
32474
29565
28952
22245
32195
9203
11242
28261
8799
12713
18212
3058
29472
12171
3606
32364
9944
1035
23480
16756
10048
32668
25891
7154
9074
824
5139
20113
12912
14043
29036
21054
1435
20485
8114
9901
11068
26684
25999
12501
24831
25480
18513
10606
30323
26358
13930
7034
16267
24342
16878
29369
5920
5756
27416
6707
29036
23618
31429
10931
32401
14981
27895
10566
23824
15588
27476
21952
23634
18180
22437
2359
20259
31502
26199
9349
28210
12335
18685
3786
19090
30999
26828
17385
20540
14971
12573
29446
22666
20883
27119
11534
19646
19101
8803
9008
22649
10072
11070
30044
11332
13706
8554
4299
20491
30074
2165
7798
1437
4214
29969
413
15149
24399
18322
26178
3540
216
30323
24492
23565
106
26833
5861
26679
3171
24814
2363
2838
15523
30384
22211
30291
26894
8736
8401
1784
4108
21996
30850
10228
19724
10724
23858
17565
24316
5504
19206
19241
16083
14937
22883
16179
17928
16044
26997
23613
25880
14298
25770
18472
27140
9451
2868
21949
22224
30982
21130
22312
18437
13818
21479
120
27440
5817
19146
23073
1376
18903
9076
17273
2476
15375
6509
1342
16299
29375
26112
29711
31227
30311
32442
8942
23739
19758
25583
9668
13328
1372
32565
25565
23204
20449
4583
31336
12322
10957
13219
12025
8123
7126
24780
29190
13988
31446
6409
29037
19093
19530
3525
15085
12364
11219
24749
28328
520
18105
29236
424
30223
26211
16402
4182
17705
2784
21441
16644
8482
5474
16639
13925
15179
701
13391
4624
23290
13804
4472
1793
1030
21133
8708
31767
11595
10080
21442
16023
1836
10444
1860
17575
21004
31578
28258
32724
17620
3639
31413
16269
880
17847
23581
9125
9554
13773
3900
7893
19438
27795
31736
2360
18748
19656
9213
17102
22073
30797
24889
26105
22886
19111
13406
2563
15687
25473
9060
5526
22245
16679
10244
8514
23629
27404
11837
27130
27407
11332
8915
21399
7872
24075
4555
31572
14201
16956
21745
23121
20565
28122
21074
30736
9718
17291
19138
11515
27905
32280
14424
29916
14493
19183
15596
20835
28920
29857
8352
15523
22979
7524
24660
11157
10417
2450
19504
8340
11259
31272
13855
19936
223
5960
12366
18459
23069
27319
23473
18639
22136
27232
18046
230
26427
4815
23216
31536
18098
4535
23685
3809
32428
108
30976
25104
32512
11882
25704
31801
17413
31692
2247
26811
3352
17366
17516
26971
8985
22380
14442
14527
12014
1944
10006
23796
8191
16391
25229
2537
8889
12685
19244
5106
9996
3229
24086
29254
30445
19410
21425
20865
23764
3689
20009
13859
23102
708
6124
12046
28204
24808
29228
6156
27555
29952
29537
27719
24618
14808
30148
10447
2639
867
5589
16152
24610
14645
16598
6009
9656
8458
21325
9134
5034
14653
18310
343
3475
9042
29711
11382
26773
7789
23098
16885
16853
4568
1182
21022
25851
10113
30102
17185
17075
30329
9665
17298
30510
15734
4736
19688
24738
11602
23675
13823
17861
17290
30237
21911
3158
13504
25107
13523
32661
26426
465
20922
9926
32097
29709
29113
11186
28738
834
1055
20773
14864
9262
5280
31089
4256
1109
19923
15594
12267
10364
2996
4200
13456
6958
32291
31688
1615
11066
23395
24683
21135
14899
8860
20405
5849
6895
28249
29071
15195
8
22282
31462
15719
31326
25987
13354
27121
1940
5499
4048
10260
12430
26638
20688
21389
14329
1596
16679
10046
22723
29544
30807
14253
5279
20441
12770
32131
4738
11068
13267
28685
3369
26401
17717
12222
20881
10618
13465
16555
19837
24351
28308
21773
11763
20044
9279
10179
3519
14625
437
26318
13295
4129
29849
11731
25173
13491
654
4252
13320
19364
12220
13719
3044
8100
30034
85
4869
5061
18430
19469
18256
9727
11895
13847
6634
430
26612
30833
7615
8722
8882
21565
17916
1230
17009
3137
13462
27753
14071
28517
6337
13009
25228
29497
7545
11219
4221
24173
26620
6052
31642
855
9806
9563
25784
2672
11700
1396
14639
19671
10553
3151
18780
16077
22572
25775
3872
27191
23712
21052
1119
31007
6635
1025
2435
20531
9000
30446
23542
14661
14773
26711
7340
7625
23477
22644
26263
20826
25231
7391
30000
27702
12654
793
23285
13757
29631
773
18405
7926
27573
363
24582
19721
20680
8822
8671
13254
15922
11318
23806
16413
12657
31007
14452
4772
6344
31368
18772
18965
29117
19246
14648
24012
30620
20911
31932
2125
25075
29455
6656
16828
13076
21813
32554
19044
5783
12655
26850
17713
20437
14058
22740
25141
14446
32059
7218
6439
20164
1754
25136
29663
21629
21409
25222
26843
32005
849
5105
17854
11274
2061
29362
10699
17406
26845
22285
4206
1176
5164
23499
27572
31059
16970
21689
20174
30702
26603
21799
10386
12010
14503
18025
3578
17424
14712
3674
5283
744
25407
17876
15694
6979
21823
32569
28259
28594
6048
7406
32361
29708
28141
14298
20111
7148
14743
5611
29991
22832
27760
12433
30757
10875
2864
19266
6053
14772
16372
6644
10338
2694
31930
30630
32319
14558
11750
11479
26306
18288
31936
17933
13204
32305
8691
31312
21763
22750
18448
8620
1152
1396
32265
15283
32545
29366
14774
1528
20512
28331
27220
8853
11098
21789
6913
20134
22481
19995
9537
10443
10794
7288
29564
1962
3888
31817
21373
24683
9807
4459
22773
15675
27673
26107
20470
17354
29893
30940
16248
19404
13995
23604
31704
1404
25802
25583
18772
12308
22850
25659
3728
24662
4058
10
5908
22278
12411
1940
26059
26477
10675
26322
6022
28120
23347
9220
21879
22039
20561
28203
22455
12799
2695
15248
30656
24553
23538
30779
21235
16688
20948
17533
32019
183
12050
17255
17096
26976
30391
31056
31774
19606
1647
14931
28419
30916
16653
10447
16845
16347
18694
17381
32177
3536
19187
1533
8525
3868
22547
4930
17183
26427
20678
30753
17419
30509
24339
30670
4569
13304
291
27327
31157
3364
9156
11567
2733
25406
19687
7580
2102
3669
22050
11081
27816
29824
14127
29885
31678
12374
24683
30274
25879
18292
9560
18535
30391
28923
14108
28287
24454
27663
12031
13600
464
26201
10481
8357
21955
29318
28161
27564
23540
3782
12007
5528
8155
15181
20092
271
19027
8406
15420
8829
17435
18203
24267
16016
26711
23390
3693
14523
18191
1764
8076
29107
30639
21876
32054
13813
31621
11228
21404
15421
12359
20076
19092
13328
21130
30585
20504
25652
4172
32220
29382
22834
11115
2928
19550
9179
11308
25496
31814
10176
9141
14775
12809
31161
32402
6069
18387
20063
26420
21633
27895
30865
14445
6793
24682
30707
32758
32323
15173
5994
4330
9384
19271
7074
9800
31156
32081
392
5492
30440
22504
19664
4278
31176
1462
26224
31162
10845
28681
2851
17423
29107
26962
18920
26536
92
26536
4736
25438
25836
20291
21491
20331
12923
19713
11019
32753
14118
16612
8408
14193
17038
14481
31019
26964
31831
31187
4378
3174
19115
7447
19842
32086
18612
14318
6528
28983
19749
6029
29943
30722
178
2896
4878
3858
1172
16179
2223
17318
10502
9815
2825
25954
13258
30084
15887
18638
13989
11681
4855
6614
30175
13885
14011
15945
24260
2057
4251
18522
3621
26460
20633
31010
26327
11950
3580
21276
14387
10525
30158
15527
29845
31979
2397
12936
30685
9726
27838
2661
24049
95
17733
17739
26937
25275
10254
29224
31009
18661
6264
8274
4251
3666
5797
25087
27802
14492
15867
24266
10904
20991
29606
30261
32529
21471
9492
29217
31750
8512
5751
18776
26491
4429
16710
29187
8697
2514
17084
17460
7437
10689
23127
27742
25031
945
30811
28120
10044
26714
23629
13661
30980
16666
17273
15247
28092
31347
10092
14191
28037
32395
3194
24807
2180
16299
24633
17216
23904
21185
26628
8108
4039
6622
16249
24510
20201
32440
26363
6125
27643
15656
25137
6676
182
15789
26246
6133
9685
32744
6567
21937
14747
5406
24583
27730
13898
10938
15198
7234
6317
9416
14630
12240
22159
18554
28957
28082
25922
30375
5062
7038
20505
30279
2280
4144
24302
20216
7693
22183
19613
13181
17668
24616
3462
31802
25183
18137
9743
12728
11254
8263
4384
10023
5986
24545
13990
9431
22659
18811
29201
8894
28667
29644
10453
4854
18864
23279
28908
15420
27470
742
18258
9330
12995
10770
22152
2845
9409
3005
19731
29672
19263
12945
17402
16671
9209
23326
13643
24116
7915
26199
662
31294
11482
23573
2928
21109
24011
32147
21489
3256
3978
26609
15158
8711
11300
18097
16865
22793
30829
5693
24724
20615
29307
30303
28282
6639
16425
3271
6078
25554
11670
30600
25617
13414
15267
20379
19752
13317
15992
15195
25916
1964
3072
4360
3465
15229
14952
2373
15567
15677
28324
409
21972
26326
15082
20209
3552
6359
3380
8220
25407
25839
11715
28750
9155
18550
19863
2462
831
30436
9464
6024
16909
13400
8688
18795
25481
16402
9934
1292
29844
20217
22692
10513
25106
5654
32202
24455
24428
25879
27738
94
23823
20685
2226
999
3818
28078
21493
1372
756
6740
2697
21848
18340
23036
21146
7259
8824
16136
31382
3400
22127
25982
18351
10214
31374
32134
21597
2914
24670
26096
32473
22731
2668
22187
26531
9621
13001
6991
32765
32279
24968
23956
10349
30733
4930
32729
24383
21783
28565
1951
32512
13624
4000
6155
3333
22871
21641
31847
6114
30145
19959
17057
9715
5285
12440
26058
13271
2199
23709
2200
17135
28430
29753
16357
30691
17126
550
27950
18718
32479
12320
10517
15693
20508
3431
15840
14820
22692
25921
12791
24985
484
9590
25194
743
24364
21715
11624
5772
8237
6567
11465
19980
4993
20553
134
12844
14628
12688
10555
20855
25843
2393
29356
32444
28980
32005
28221
8078
270
25080
32120
2755
21260
9243
27787
30453
9118
15451
7367
30980
8088
14120
16163
4754
26289
19191
7863
20614
7685
32448
31553
31114
4756
24705
29603
19597
27585
19385
98
20290
28115
16365
32297
11422
19576
18215
18501
9054
3389
27762
25383
1151
31255
16991
14052
16836
9181
31107
22968
3123
29899
1783
27263
664
21249
23255
31546
28673
21250
9923
2960
6720
31285
13409
4939
8300
4456
19417
7383
26977
1864
10839
28614
8763
25322
2189
19278
19679
17989
12590
12489
24178
181
10100
15925
28128
12666
23963
6322
29270
31287
31588
26374
4552
16756
13459
23580
32621
1308
12145
20865
27198
15615
31562
29158
31610
19793
5872
29600
25893
2345
1847
25387
132
17667
32119
32163
31906
31039
3597
6985
7374
29856
30426
10757
1819
7886
30147
14302
8927
19156
12079
3459
1845
6563
9356
22725
31099
27789
15050
26395
31700
26570
20702
28701
27559
1270
26176
28681
12318
13713
20846
4673
30888
5502
1639
11211
2936
11653
27953
17872
9220
17873
18516
14366
24966
18546
11100
21414
17790
13276
346
7422
16942
7527
9059
5855
22813
17357
32528
7336
18837
12719
19709
19674
20261
28688
22346
922
28703
18648
20509
25906
23579
6482
14366
30864
23154
13486
21754
20934
18628
22144
14304
19592
10611
9536
21511
22194
16933
17608
9510
19135
19014
30937
26106
23122
10628
22422
22212
2225
18001
3079
5064
13637
25700
10391
31695
13852
4920
2455
9894
615
11404
18361
27549
27900
25313
14997
30729
28372
24576
2855
30146
398
29553
22095
16806
2539
20741
24400
12820
21072
24397
21074
28017
5448
5664
5857
20647
6143
27929
12907
26017
21704
23062
15045
27088
13719
24506
22695
25769
24199
11244
23083
20005
2134
18007
21842
17727
27364
20200
23167
22138
14264
19538
14074
21080
9339
2701
18286
13284
1403
2387
23148
5929
30761
31394
8934
16313
7579
20797
15028
12071
25866
24363
13587
19341
26197
1078
16673
5639
19581
27757
23650
28982
20520
24227
5438
30654
16926
6893
23936
25288
9678
18728
27865
128
23498
30577
13147
15000
23623
10411
23550
11460
414
29436
24351
19260
25293
11856
9468
6461
15863
13013
14393
28552
29408
10109
2142
21218
3442
24704
15447
23186
24635
19927
5362
9958
12012
31170
24420
26542
26843
5954
30661
29375
29570
8352
23439
27249
1278
1508
19491
29730
3729
27487
325
32433
14112
30754
27547
6404
26038
13444
1841
22658
23551
30880
15864
20377
24782
27349
23106
5178
31383
3652
2375
22104
14838
24917
28068
1645
5158
3123
16855
3060
19851
8011
2756
3056
29737
25041
23091
16228
27178
12347
8528
23001
92
27332
4905
32731
8368
29674
5940
19836
2236
16112
19398
27855
5178
28253
6301
15470
6023
635
20823
1525
18981
6105
26616
17541
16697
13770
12136
31554
31246
11492
11763
7125
29840
1409
32711
31979
24018
32321
18810
24756
19081
6791
14977
2917
398
16631
8122
27062
22112
27134
1507
18276
5023
24138
27680
5553
30098
1358
1657
16863
13475
17343
4186
7096
8158
27161
12050
19465
18293
13083
25684
23331
14142
21063
4281
18265
16691
4708
1595
11140
22513
1019
10939
30082
31034
15325
10877
11442
10356
8603
15015
18554
31015
19981
27589
5826
10627
31180
3144
12918
19672
31671
6914
2567
1564
22386
18860
30187
21096
23522
3937
24345
25467
20915
19232
30094
2613
14802
30285
30410
12573
7155
26417
1107
26333
25868
9077
2609
30912
21976
17067
13681
7483
342
24773
31395
11873
23367
8348
11355
29805
22195
15979
8627
60
5220
12881
27847
5584
8554
25298
8504
9935
17813
26454
10923
23810
25086
23209
13127
13526
24447
15738
6714
10206
11574
26844
31284
26447
20230
4296
16362
9859
31766
22169
20628
30070
19792
27534
16496
11084
31715
17227
6461
24777
12226
22105
12480
31447
24099
29857
3907
17668
14336
10229
26129
7170
10393
9864
5627
10277
25584
21872
17879
10216
1356
23339
2299
19049
15798
16919
5574
6632
4735
11001
3096
30283
11193
3959
19412
8093
12985
5278
23397
20619
16539
27997
24119
26854
23742
19719
6969
10276
2884
27093
4962
30686
27539
3938
10281
18003
26327
16685
21003
28900
28285
27930
26376
16022
19130
11762
28967
27283
30978
7647
5358
16041
6801
14576
2026
15818
29413
20379
5933
24202
30274
2358
15819
21924
26669
30333
19292
28790
2546
13327
6782
32640
22814
7408
22352
20713
24069
3337
22007
15098
2621
13220
31004
13984
10017
30192
10348
2542
21583
24963
22296
665
5674
11987
6739
16507
29785
21436
20438
4113
10310
9725
21599
21757
23457
3515
18989
1156
30426
18428
28550
12304
32682
14637
1329
8111
1931
20381
17661
31891
10811
30207
26680
2960
7229
5612
15929
30626
18776
10847
21206
11364
790
25143
9454
16537
16197
21177
27873
28839
26234
14859
29459
10519
12938
20922
30317
8471
7439
12597
8923
1272
24041
16464
6095
12464
31162
14786
32445
31321
24680
15783
12701
3248
7071
29694
29036
20886
3405
16172
11435
27795
15908
32375
21982
17742
15387
24716
18958
8726
2286
17914
18248
21085
6297
13237
29468
26936
24545
21907
28959
2016
29387
4306
2409
14387
13091
9873
24344
22324
3830
26195
14027
3975
20248
28799
19752
25590
30111
2274
15702
18926
11366
31019
30595
21506
17292
878
18271
27752
16370
25762
27296
8055
31168
26402
14204
30255
19169
1328
21298
24753
19842
7022
30849
12483
10903
11107
20015
9293
30806
11772
19844
32734
10425
30216
14540
14632
2048
8891
8665
12672
19246
8748
126
95
11912
17367
22805
19940
9241
23323
29434
15695
4656
29117
7950
26503
8671
2660
3637
26005
7550
29467
14296
27431
24359
10194
20580
28942
20280
17628
20425
28608
29396
2418
2044
10711
2657
27183
19317
1680
16395
13203
9137
31821
26176
15489
6065
2835
17970
10432
633
18189
32345
15229
31123
29447
28910
14791
17290
10996
17009
23826
24175
7785
26660
21941
5719
23327
18061
23916
11226
10101
24568
22999
2710
27883
4850
3833
4010
12968
26832
25017
24636
10229
29734
10852
20468
16064
16208
5929
22398
22042
19180
7836
6923
29882
7262
564
209
4984
23627
24781
22406
30674
1311
22823
3305
7786
8583
15461
29754
13701
6903
20622
7357
10126
6181
8976
14395
13713
27532
27448
4480
8641
4586
31931
4830
27123
16579
18992
23720
4640
1244
30611
27576
32487
28864
31939
20459
24585
23358
22533
29343
10987
11753
20608
27964
9495
17303
18623
28584
32443
22242
8498
14033
32040
170
10925
4903
13652
18065
10471
32542
22105
14718
25852
17841
1012
9243
20460
14554
16648
18775
13594
30747
27160
13029
31950
18169
16336
4026
32435
29563
380
8851
25689
19631
6031
16493
7092
10534
19998
24330
22939
32115
8034
13171
11338
687
3642
24689
7649
27896
4263
13587
26339
12782
2638
31531
12472
24372
22265
21968
26667
245
25878
12254
8172
6236
24631
14961
783
8731
27536
31598
22411
11493
27772
27642
4284
32756
25848
9985
29154
20868
24102
10160
16544
3414
25292
6139
1918
11054
2515
12057
26727
5461
4296
8195
32555
7960
1630
6136
21502
2887
1258
19707
24055
8886
31974
7252
5523
23231
3950
14603
5935
3007
30918
27248
21905
14229
2770
23190
23648
24614
14237
29907
8871
28123
11219
21570
27991
9761
31046
16961
16834
12776
20845
17651
26656
13349
20448
15807
32269
28753
21725
6095
6409
231
28614
1682
30967
7658
22945
21563
19103
29532
32663
16448
31276
1992
7541
28123
5550
12985
26670
25228
16281
9025
18519
5269
12613
30323
9386
2429
19820
24041
15492
1166
17071
22078
4710
17751
15889
28053
26232
22058
11642
6673
16641
27295
4661
8283
3312
19983
25458
2591
16983
25114
198
11407
8426
11554
13478
16094
31364
30925
18159
198
3491
135
8033
28932
28647
12286
30751
5078
2199
29092
8241
18820
6940
3376
19970
13524
24963
5661
483
12691
14079
27178
30854
23315
21093
16344
11651
8872
4271
17648
28119
30251
20346
19706
31327
30327
22408
4038
14946
15854
22334
30695
32260
14069
27942
308
20692
627
17007
10053
23615
28246
13672
25596
23066
31758
5129
15865
5917
30480
26218
26404
1378
6997
18761
27431
24298
19417
22665
28146
22552
22812
10670
31285
25140
22436
22114
24553
32234
1656
5874
8904
7624
17831
27857
30928
6339
7359
23828
22724
11443
20823
15093
6315
4306
3462
593
7247
6209
5737
16938
5055
25731
4768
5925
18894
10240
24785
13837
657
30851
32292
1614
27109
12733
31942
19579
4583
26560
2663
25800
378
27013
1723
3473
21188
21350
10748
16849
25009
12708
15207
9132
2671
13026
22459
30437
30704
27304
18365
11112
620
9186
26294
30658
7644
17246
6387
932
22655
14929
21060
8805
26969
2259
11390
7548
20143
20574
3578
3849
31885
30291
24595
19533
6977
22134
21931
24622
21981
1389
16807
5556
14520
9028
32110
4751
8173
15852
24431
398
13787
17335
16792
19753
419
1502
6111
27128
1453
19195
5821
12602
28196
29071
27054
19279
20341
8829
31154
10814
29908
5005
17359
5168
16055
23019
16269
15859
4441
19621
21880
30072
21304
30513
26018
23638
31639
7140
24095
12868
12541
18044
24967
12195
30644
28311
32119
28658
28747
10809
28943
27735
9749
28746
886
1565
28072
27414
27218
8496
21342
23243
16464
20131
6615
2047
2978
1835
18549
17959
21628
30113
18911
1569
19350
20868
6783
30891
174
18804
1796
16617
10499
32184
31456
14052
30170
2745
24267
14853
31485
9093
1854
5022
9527
15437
13049
26977
16601
17640
6526
16359
4152
29518
2451
3370
29229
7709
6084
23307
6291
10007
23775
31182
20173
30113
17526
17049
20541
326
27489
27129
11982
27699
3641
25180
18795
11704
2013
20120
21126
19661
24561
1122
26258
10891
26970
7896
12937
23726
28868
8440
10855
6170
31516
10278
20397
11091
5142
11947
2015
2307
11432
24112
774
25208
2445
29255
12846
21027
16836
10978
19945
5659
19726
20186
27851
23192
8819
15978
10732
5240
26301
5553
23401
27581
11004
24371
22755
13837
15104
22105
20990
305
31714
14828
13539
11670
23164
11934
9407
6351
18924
12673
66
22545
21013
6798
30753
693
11806
12064
13717
3258
31473
17526
4313
12609
30141
29237
22447
27919
19061
21731
9180
2318
29263
24685
16807
13516
8773
17057
9822
12539
18839
21941
30418
2543
8263
8894
7638
25123
17819
29754
29380
19636
28319
30855
28663
14308
9377
29802
31058
26521
5044
1417
12984
32732
26925
29937
26258
8026
16936
6545
31820
2534
10756
19132
32472
25333
10467
25259
13097
30753
25131
20729
16057
7079
17160
15653
24068
3816
16615
14612
11019
31980
10236
908
29650
1242
31166
23226
8418
21633
23398
24237
11208
21203
5235
984
9620
23140
7465
5524
19802
1007
15629
18588
14005
210
14698
23951
63
1421
5072
21362
6682
17478
22672
10795
7275
30536
32065
13575
11737
31616
20286
32053
31250
31487
29221
13384
14406
10107
28249
14009
16810
1230
20353
7779
14327
17268
21255
25861
15336
11025
9882
5828
13248
5354
13997
5286
8641
30311
3318
26392
2742
31639
16112
8297
27754
12716
27737
20300
17455
16762
19892
346
9560
14844
21191
21902
24511
27344
20766
7880
13888
20150
17031
5706
9531
1557
5013
7742
14614
24950
541
5165
29881
31750
3004
13193
18449
26137
27727
2085
5773
24482
11385
28856
19876
8891
16416
12638
2893
15907
13552
5654
21637
32699
28887
9541
23501
28424
135
25137
22441
22453
30199
8071
26915
25614
22242
25046
4677
18310
6983
21010
15523
31025
15336
16402
20430
32330
20683
13586
22498
17583
16316
5681
15353
3424
31432
22260
1205
26372
20163
15297
12987
14436
16835
11365
9522
23278
419
5775
4169
17715
25218
24659
942
17769
27969
27304
279
19434
32264
9194
8893
17843
29377
10840
20955
1766
27036
32407
3380
17736
3978
17965
16267
8900
32449
7687
9768
18406
11582
31988
18266
3681
27454
9768
30959
15241
29125
11194
30398
19162
279
294
2334
18543
3906
7628
15212
15244
1682
12142
8841
8469
5146
23734
13145
30228
1586
6062
10565
21046
15092
70
31929
4687
7869
22226
27047
4818
15026
32393
1539
31322
21305
4103
26693
5156
5756
31691
24042
14994
23274
15546
12788
20905
28085
6810
869
20884
29013
31896
11207
24863
19459
19396
13735
61
9791
25999
25365
17026
31051
7763
17446
6570
11693
21451
23923
12304
18865
3991
24215
21304
12260
14778
26805
28230
28058
23323
25839
5252
6506
28679
27376
7136
16813
19118
14179
18283
27394
1441
12922
475
7885
1626
1640
10250
2483
4021
17895
25461
10784
25711
8883
5310
3777
31150
13324
20011
9482
14713
19768
24101
6065
21819
25599
27065
15665
10308
1837
5914
5704
10824
25876
18461
23673
29150
25096
25787
8331
18178
16097
13715
30985
17812
20348
20069
16576
4054
16698
2200
25924
4338
29055
3509
17770
20338
21556
29162
8143
20422
27206
24201
4432
1730
18469
19590
9104
23581
11334
20220
27510
15603
9633
28072
14252
15940
18996
3948
20257
20339
32126
29902
16264
31944
18180
17015
15318
16878
14544
7092
2760
27765
26093
19704
1371
3665
26860
1624
9553
89
31330
9741
9139
29897
5992
4854
10058
6593
14362
10003
805
19396
5656
10764
1302
22586
776
23464
21556
20462
20242
3670
24410
27024
16226
20903
23463
29748
5289
11474
21245
22993
8605
26927
17026
12739
29045
27836
18722
25418
32366
9371
26122
22537
30792
32658
18222
16008
6858
30857
10180
23730
5178
12560
16071
29271
31717
7127
15734
11179
22685
14132
24018
9158
14134
22432
291
30498
20744
570
24180
26144
17008
22339
16658
1923
20815
3232
22289
2802
17289
30811
4039
2939
17800
11042
2639
29195
24759
6855
5127
26615
519
23742
14098
22902
4205
28834
22743
2084
4961
6833
26752
11649
26977
20043
7548
11632
3692
10359
17918
22713
29320
31325
9596
16263
24636
25549
25392
5099
29463
32183
2202
7255
7719
5297
4092
13859
17026
29556
733
26635
21953
15711
10375
1199
6272
22771
17545
23826
23775
27221
25909
796
23812
24016
16931
7192
8599
592
10924
17207
30789
13287
1136
31755
31293
5708
22993
13580
8886
24407
30837
23062
30055
12678
8136
30441
13581
1660
16247
27048
10729
10620
17911
9563
30783
16882
32508
1133
1752
28139
514
11055
30081
27800
12488
31315
9098
22735
17871
4465
17992
29578
29407
24966
3987
32358
3971
20336
25672
9764
22408
26227
8904
32044
14722
6839
31096
1541
13639
7111
19775
19934
19058
14099
12299
5897
30434
19055
26445
4986
17720
18067
632
12109
27484
16793
389
27453
30968
6530
2930
18221
5628
9905
13502
15523
20760
32366
21999
18760
32325
17765
29197
2410
9533
4644
11556
25210
32766
24480
21190
15758
2379
4017
27782
20960
6955
32145
26750
32589
7528
8289
20426
14551
17425
15780
3339
32547
24057
11202
17125
27388
13109
9351
12929
18382
29602
10145
12811
15915
13661
27941
13109
3658
840
26635
22963
23171
31628
22701
8637
469
32274
28492
5776
2656
27401
32395
6381
7147
29027
15858
13720
2655
27991
7277
3035
28746
22241
8906
17409
22877
16445
26175
5595
31982
25712
2785
24382
2167
17855
22062
19074
31253
23606
20868
1285
2826
21539
31911
1446
10811
23704
4159
25418
1715
1516
20567
15195
10782
12346
28384
10308
9039
2528
32300
18422
16571
7682
29556
21095
23291
29445
14674
16397
12110
14612
21063
103
18964
2207
2870
16501
340
12503
15848
16699
32567
5683
9094
15937
23691
8429
14114
25622
19265
15238
10286
22217
20719
24894
23811
18542
4431
15517
1371
8095
10430
21997
15575
11768
5822
20925
15738
30362
14453
16224
8749
1193
21291
30572
14649
20942
11984
2619
26320
15542
16499
15981
6020
3985
25804
8036
17102
5780
10932
7111
32136
18039
11687
13312
7283
29431
73
14526
26291
5461
9950
6515
22606
8918
8656
17111
29872
29505
2093
3427
10538
14180
12838
15319
16238
32655
29585
2485
24597
21015
26216
18883
9497
20949
17736
5261
15452
29861
22004
1761
6687
18919
25551
4177
15243
20737
19045
20916
31020
24538
4066
2982
26992
6497
3993
7427
21293
29700
13439
4464
12312
20538
17325
16338
16207
7929
14050
30933
10192
6208
9983
17766
11008
399
18057
13625
26405
1130
27690
15684
10731
5338
11568
9794
21219
26604
2060
2865
17920
31279
7892
26581
28184
9786
450
14131
20329
19236
2484
8726
10769
778
17066
15757
11413
27021
26186
22891
13915
29265
26207
24262
10799
20352
1878
15993
20674
26693
2752
28578
19239
24401
27090
32292
5460
10585
8168
10534
6311
13205
1278
4498
20062
6722
14389
30871
29214
28450
6740
3624
17517
4087
22597
20346
23864
3340
1428
30090
3661
8108
18163
29589
21986
12456
3257
1438
24845
28373
23902
20203
7753
30092
12288
2184
24568
809
22241
16323
3803
16268
31207
9390
27803
4763
8475
26785
26180
2750
20266
11445
30405
21345
11239
74
6513
15222
16071
28546
19585
19441
14692
8643
9104
28233
20986
2105
27165
8958
11757
7249
22029
18445
23617
11839
18982
28541
24609
17274
10389
17879
19289
1339
13673
2213
26843
16129
2325
3322
30526
27920
4850
21994
29498
23277
11195
15117
29229
20963
14351
7936
3225
22402
23283
13797
22692
31771
14413
23518
29847
14661
18282
31637
8544
24666
13689
1207
27920
6395
22541
29300
27997
28552
12191
25089
2592
29609
31242
14615
22488
26312
21773
23666
550
31380
28877
30290
17999
8064
21072
19709
32190
25410
9731
10554
14463
24405
8757
19672
26564
14199
31130
31013
6244
10283
24008
1399
15703
9527
4541
1447
2619
2087
3160
145
24019
20169
10971
13974
15490
27056
29552
30746
23252
6833
26529
3078
14326
25449
26333
9798
18489
949
8442
28236
12179
2103
6318
5515
3102
26840
13845
32254
20631
14145
26926
28831
12000
23904
23646
25584
4734
27626
14059
21109
11035
30931
28546
8503
1798
3543
11954
5699
15790
9973
16751
24361
10795
16623
7056
10110
13749
30667
27217
16218
12843
13652
14033
20955
17549
28570
6293
11168
24450
30574
30723
4430
19923
22247
24808
9743
19694
16352
25843
25102
14180
2679
3640
6396
16235
17296
25006
4238
14685
19280
29105
9981
30263
930
128
2437
11802
3766
12992
31462
31438
7548
20984
10726
25146
20013
7954
6093
28910
6851
13536
3815
25753
22396
31381
10502
26259
16731
9800
26109
22100
7335
20341
21030
9211
25450
4476
15581
15048
1012
15903
32515
31650
12117
8200
20860
18322
14310
19777
13233
6726
32704
2490
25103
13455
30531
14791
23686
22243
11153
25759
32010
3036
25873
18142
7702
695
21997
29955
20772
31190
22676
3571
9526
14655
15928
32117
32080
7450
11601
20148
30460
12343
4120
3776
24773
22149
4877
16140
16572
1948
13169
22514
27382
6452
24013
23339
10251
6572
7274
30295
27545
14981
21974
13691
6847
19172
7013
17790
25251
16915
1966
18091
7916
23040
11530
12082
20553
14780
5144
15783
8936
12285
19004
31617
1279
32157
27
20380
19783
12313
14368
8375
29052
3091
1275
2039
19679
2001
22557
4963
30387
21947
24637
6246
10435
32481
30678
5712
13787
3442
9126
10453
4171
18246
8496
2700
24679
30806
1339
10097
11017
19774
27218
16228
2061
15810
12098
6312
26836
1862
17823
16996
28354
14164
4158
26405
20929
17946
20924
12122
22203
16617
10998
13271
22051
1208
10639
84
21101
2207
26222
9707
7826
14428
13373
23964
5261
24273
24043
15052
23520
8323
29994
28098
16400
1565
12530
5673
5924
5868
23549
9617
14378
864
21320
20974
435
24465
5272
6167
28754
28088
23795
20040
17696
30898
22307
18081
15419
16000
23094
421
21314
27337
14337
28860
8155
8534
7064
18609
13870
6293
30679
25652
8039
17432
1501
13913
24632
3859
21388
19735
3924
9953
25098
25547
31733
21888
21571
1458
25687
27664
11620
16498
15419
15703
8033
26258
869
10304
26992
25085
11294
12888
18060
5764
4531
12880
27636
21592
32499
2685
6057
23188
17589
29531
12019
27057
24656
22022
27869
26128
12834
14015
8372
2676
17418
12142
31884
10884
8173
31258
29627
1358
13876
2930
10588
10175
21580
15687
28365
24364
11045
2320
21041
15308
26036
21093
15599
9020
20338
16772
8753
29433
2778
11727
15718
13033
22511
6220
24769
22483
27315
13860
21432
5602
20913
2853
16773
17191
27764
5184
14248
18964
29197
523
13411
11265
1938
831
17725
5034
26265
7995
13696
30639
5057
8320
19643
19731
9514
3891
7488
18878
6392
15262
25255
14075
15315
22703
28745
21499
8042
9848
12230
18512
8428
11437
12159
9842
32653
1322
16669
32317
775
13930
10249
32625
12822
7696
22513
11313
6395
27490
17226
7045
8186
10697
14792
19417
29148
23379
22247
1403
29294
9009
102
19744
17664
57
29894
26208
25319
5988
27087
26165
16891
3665
15116
21888
2842
30145
10314
25476
24739
17433
9245
10345
13563
24548
12891
30650
12556
14926
22175
17128
10945
31145
4808
3013
11147
13292
30071
26377
1759
14639
14484
3792
182
28209
28617
1306
1035
14034
18181
17995
26977
28825
20731
2984
19771
32047
26017
7648
30369
23778
4274
14208
19874
22819
4140
30589
25036
16136
25298
25519
182
10698
26283
31568
23670
23880
1921
22913
16939
12419
32099
26565
24693
2081
6947
8324
7672
24810
11481
24970
32733
27213
26207
20101
8273
12508
25042
17290
13571
22732
11799
22417
9642
26742
27988
28404
12925
8920
883
24052
10937
29205
21667
6965
13087
25073
5078
573
7284
10838
8515
9720
18943
18898
30950
13111
10254
12310
12539
25388
12913
30840
2183
32239
2813
13426
1487
27901
8202
17953
9439
23988
25334
19143
5637
29656
3744
5449
3155
3089
32238
14514
7200
3691
4679
8878
10631
20692
10777
17936
26342
2465
10069
21836
25441
21002
1518
3326
10589
14505
606
3681
27909
25599
20513
18905
19145
17648
24631
31082
5594
22850
14246
11070
13999
32289
22006
23586
6530
21150
11187
8714
11476
10795
8431
26249
28645
3873
11197
12634
4413
21818
30391
730
7462
15383
6010
16011
15407
8636
21796
9618
427
17679
32476
24890
18992
6236
21067
7535
10776
9172
29211
13124
27651
30729
27775
25454
8019
12404
20907
8390
13999
1519
23127
27339
13953
28987
7745
14365
29560
23932
23208
28931
24838
27320
18641
31207
28643
16475
1158
19924
31880
28598
658
10495
19893
26235
5958
17211
8940
28995
3319
6787
21235
19977
19069
19828
31318
20140
2486
1488
14819
2928
7681
29437
1324
9597
19140
21635
264
6495
10727
5266
29202
8581
8790
29306
15145
10434
28291
15664
27631
19663
13025
7632
24394
28870
9322
29206
27109
24488
16154
14051
6320
32473
3185
702
32604
4255
31221
4176
5856
1703
16302
22759
11255
25727
22185
16117
23967
12829
32630
18574
11164
32342
22697
27117
5363
29032
1372
24559
18031
28529
25516
6806
22815
19190
21304
14216
8406
1885
2981
3214
2730
11123
796
16917
2934
9190
25802
32176
7768
13772
5983
7316
21299
282
21392
32283
27950
4910
19093
24129
4403
2374
23724
16426
1137
17159
24468
26778
31451
9463
29971
26747
30118
27395
29040
14171
12751
2810
20985
24044
9875
9999
17279
12418
5109
4187
14549
6552
8507
22873
4436
29772
